1000
10 14
3 -5
14 12
16 -3
2 14
9 -17
0 14
0 -10
14 0
1 -13
16 12
0 -18
14 7
17 -7
1 5
19 -5
12 3
6 -13
19 0
12 -6
10 18
8 -9
12 6
18 -1
15 8
18 -12
9 2
7 -15
18 12
19 -2
17 7
4 -12
17 19
9 -14
12 2
5 -10
3 10
12 -12
13 6
1 0
14 9
7 -12
8 17
1 -18
9 0
2 -9
17 18
9 -13
7 2
2 -1
2 10
5 -1
17 10
9 -1
4 0
9 -5
3 12
18 -11
10 19
12 -15
7 14
8 -14
16 1
16 -18
12 13
0 -1
9 11
16 -9
4 19
17 -17
8 14
9 -7
18 0
3 -6
19 1
9 -18
0 11
8 -18
14 17
11 -19
14 8
12 -16
4 15
8 -5
0 0
2 -12
10 10
10 -6
7 6
8 -4
9 19
8 -12
4 14
15 -12
4 19
4 -14
19 13
19 -15
4 9
11 -9
13 6
19 -1
10 1
8 -7
2 1
7 -19
7 17
13 0
0 11
19 -2
6 17
11 0
9 7
10 -5
8 12
2 -2
12 16
16 -13
6 11
3 -4
12 9
19 -4
15 19
7 -10
10 19
18 -13
11 12
2 -14
15 11
9 0
16 2
13 -10
7 19
14 -12
9 0
6 -15
15 3
16 -2
17 5
8 -18
19 2
19 -13
12 0
3 -3
16 7
6 -9
18 5
8 -11
19 6
8 -17
1 12
10 -11
16 18
7 -7
18 15
2 -8
12 10
15 -1
16 1
7 -18
18 11
11 -3
11 2
18 -8
13 1
2 -17
14 3
15 -12
7 19
15 -4
2 5
2 -8
19 9
1 -2
4 6
10 -5
12 5
11 -19
18 1
16 -9
15 9
12 -16
5 13
17 -6
4 5
16 0
12 2
3 -7
9 3
13 -19
15 1
8 -8
14 7
2 -17
5 6
2 -18
19 13
19 -5
18 17
4 -5
16 0
2 0
8 12
7 -8
3 19
19 -17
18 13
0 -13
3 9
17 -4
8 17
8 -19
7 6
18 -9
8 17
3 -18
17 17
14 -12
16 1
4 -11
19 17
16 -8
13 9
12 -18
9 6
2 -14
8 14
6 -13
4 19
17 -8
4 15
3 -19
16 3
3 -15
5 2
7 0
11 14
11 -7
14 6
18 -1
15 19
0 -16
8 1
15 -14
11 12
13 -9
17 1
8 -18
18 7
1 -15
13 16
15 -7
17 1
0 -19
0 17
14 0
17 14
0 -9
5 17
16 -4
11 10
9 -5
16 1
14 -14
1 12
13 -17
12 9
6 -16
7 6
16 -8
9 8
2 -10
15 18
0 -11
3 4
5 -18
15 16
5 -4
4 4
8 -11
15 10
2 -12
5 6
18 -4
16 6
17 -2
9 0
4 -15
9 0
15 -10
1 1
2 0
17 11
5 -9
10 6
15 -13
2 6
8 -6
17 3
4 -1
15 12
14 0
1 9
17 -16
19 14
5 -4
3 11
14 -2
15 10
2 -9
9 15
11 -1
0 7
11 -3
15 0
0 -9
6 5
12 -18
9 11
13 -15
5 12
3 -7
6 7
6 -16
11 1
15 -3
18 19
0 -5
11 2
12 -9
4 12
2 -7
11 12
0 -18
4 18
8 -2
7 9
15 -7
6 9
10 -19
16 1
4 0
0 14
14 -11
5 6
14 -14
4 17
5 -3
4 10
15 -2
11 10
10 -7
13 17
11 -14
6 1
10 -2
5 5
18 -12
8 4
4 -2
13 19
9 -14
6 1
2 -13
0 10
1 -7
9 10
6 -12
11 16
15 -2
11 19
10 -5
12 2
12 -11
10 0
19 -2
6 18
6 -7
14 2
9 -14
7 16
8 -8
19 4
5 -4
6 8
14 -3
0 7
9 -16
16 19
2 -8
8 4
7 -7
18 3
7 -15
1 6
10 -4
17 1
10 -6
12 14
15 -12
0 6
7 -11
6 9
4 -19
9 0
8 -4
1 10
4 -13
16 12
14 -14
14 7
5 -1
5 12
10 -13
9 10
3 -2
14 0
1 -8
16 17
19 -14
19 2
11 -14
19 3
5 -13
11 7
3 -9
6 11
13 0
5 2
0 -16
1 2
19 -8
16 5
9 -2
11 10
6 -9
6 1
6 -7
11 12
0 -9
13 0
4 -16
1 11
7 -17
0 2
17 -12
13 11
1 -12
18 10
13 -15
6 10
0 -9
10 7
17 -11
0 19
3 -3
5 10
3 -3
2 11
3 -4
14 0
0 -8
8 9
2 -8
1 18
4 -4
14 19
11 -1
10 6
1 -2
14 13
11 -6
11 17
12 -13
18 19
12 -6
19 9
9 -10
15 0
14 -15
19 2
2 -4
10 15
9 -13
12 14
5 -7
6 14
3 -10
7 18
9 -15
8 14
16 -1
7 4
12 -8
9 16
12 -13
6 0
0 -5
11 12
19 -5
7 6
17 -15
0 6
13 -3
12 8
4 -5
1 6
1 -3
10 17
18 -18
7 17
9 -19
12 3
9 -8
17 7
12 -17
4 18
13 -13
3 12
3 -18
4 11
12 -6
8 18
12 -15
8 17
10 -10
17 19
9 -3
6 0
13 -9
7 8
10 -18
17 7
2 -6
4 18
6 -17
10 0
17 -11
1 5
17 -9
5 8
0 -1
10 1
12 -15
1 18
9 -11
9 19
3 -10
7 16
15 -2
14 3
9 -6
6 19
8 -7
18 5
4 -5
1 5
17 -2
6 9
10 -18
19 14
11 -19
12 8
0 -7
14 17
16 -12
6 14
10 0
12 18
8 0
17 0
16 -11
13 0
4 -7
2 13
6 -16
10 2
2 -8
12 19
12 -12
10 15
1 -9
11 16
7 -3
8 4
1 -15
14 19
2 -15
11 6
1 -13
10 18
10 -5
16 13
15 -15
12 8
5 -5
3 6
3 -9
10 18
9 -11
11 6
16 -15
14 14
2 -14
0 10
12 -16
5 13
0 -1
3 4
15 -8
0 14
9 -10
9 12
9 -11
3 10
16 -5
3 18
3 -18
8 5
4 -3
0 12
2 -3
0 4
4 -16
6 2
15 -7
6 3
1 -15
9 3
3 -12
17 5
0 -11
13 15
12 -17
9 12
19 -6
15 13
10 -15
2 12
8 -3
8 12
3 -7
3 17
1 -9
17 19
10 -8
8 15
8 -7
1 2
3 -19
1 11
4 -7
10 4
4 -15
4 9
18 -5
7 1
17 -1
6 5
1 -18
2 19
5 -2
13 0
18 0
15 10
2 -17
7 6
3 -2
15 18
9 0
9 19
3 -6
10 17
15 -12
16 8
0 -16
1 15
12 -7
0 0
8 -2
3 12
11 -19
11 5
12 -15
19 18
8 -14
2 10
15 -14
1 9
4 -9
16 8
15 -10
0 16
12 -19
8 10
18 -9
18 15
9 -9
10 19
11 -3
7 8
17 -1
6 13
10 -9
3 8
8 -16
11 18
6 -4
8 1
11 -5
17 8
2 -17
18 19
5 -10
8 14
11 -9
1 17
16 -16
2 10
7 -19
6 11
0 -8
4 10
5 -15
14 11
19 -18
0 5
18 -2
4 13
17 -2
0 4
17 -17
7 16
14 -16
17 7
3 -9
9 5
10 -10
17 3
16 -5
16 13
4 -14
13 4
3 -1
17 16
3 -19
11 2
13 -11
19 6
2 -12
8 14
14 -1
16 18
5 -18
2 7
2 -8
4 3
4 0
7 18
5 -9
19 17
7 -11
0 5
3 -7
3 2
0 -1
14 1
16 -5
7 15
6 -8
0 5
4 -10
0 2
5 -1
15 0
4 -10
19 7
19 -3
19 15
2 -1
17 9
12 -7
12 17
9 0
2 19
3 -11
10 4
18 -5
10 9
18 -5
12 0
19 -12
2 3
17 -10
6 1
16 -18
3 14
3 -13
10 10
16 -18
5 11
15 -3
9 18
0 -8
1 5
12 -19
3 7
16 -15
6 11
12 -13
18 19
7 -4
16 13
4 -12
7 8
14 -4
4 14
14 -6
1 17
17 0
8 9
13 -8
15 13
5 -7
13 18
9 -16
6 8
16 -9
15 19
0 -8
4 15
7 -8
7 16
13 -10
9 7
7 -15
13 13
15 -3
9 18
7 -1
6 1
14 -6
0 6
6 -12
2 7
1 -12
8 15
19 -4
6 18
2 -15
10 2
4 -2
3 6
10 -6
0 14
17 -16
12 18
1 -4
4 12
19 -1
0 17
13 -17
7 16
5 -15
5 8
3 -19
7 15
12 -18
9 15
16 -18
13 8
0 -7
5 1
18 -10
19 1
17 -16
16 14
7 -3
10 9
15 -9
16 4
0 -12
4 2
5 -18
9 1
11 -2
4 14
1 -4
19 1
15 -7
16 11
13 -18
8 18
12 -9
13 4
11 -10
7 12
12 -6
7 11
1 -2
6 15
6 -12
12 14
2 -3
16 14
6 -4
12 12
7 -9
19 15
19 -8
7 15
10 -14
6 0
14 -11
13 2
1 -2
0 17
14 -5
17 10
11 -2
15 9
14 -17
11 5
14 -11
17 16
8 -8
13 8
7 -17
10 19
5 -12
17 14
9 -6
3 4
5 -12
8 8
14 -10
11 1
19 -13
4 7
11 -15
10 6
19 -4
6 5
16 0
9 5
6 -16
16 5
1 -7
15 8
9 -3
9 1
17 -16
18 14
6 -17
11 4
3 -1
14 7
13 -9
15 11
19 -10
12 19
3 -9
5 17
13 -12
3 11
17 -15
15 13
13 -19
3 9
18 -8
5 1
7 -9
17 18
12 -19
4 10
17 -14
19 8
15 0
10 16
8 0
13 19
2 -15
2 4
10 -15
10 17
19 -16
18 18
6 0
3 16
11 -17
3 14
5 -18
15 8
6 -1
15 0
3 -17
8 0
11 -13
15 14
12 0
